Webots Project File version R2023b
perspectives: 000000ff00000000fd00000002000000010000011c00000238fc0200000001fb0000001400540065007800740045006400690074006f00720000000016000002380000004100ffffff000000030000055600000067fc0100000001fb0000001a0043006f006e0073006f006c00650041006c006c0041006c006c0100000000000005560000006900ffffff000005560000025500000001000000020000000100000008fc00000000
simulationViewPerspectives: 000000ff000000010000000200000100000003380100000002010000000100
sceneTreePerspectives: 000000ff00000001000000030000001e000000c0000000fa0100000002010000000200
maximizedDockId: -1
centralWidgetVisible: 1
orthographicViewHeight: 1
textFiles: -1
consoles: Console:All:All
renderingDevicePerspectives: MyBot:camera;1;1;0;0
renderingDevicePerspectives: MyBot:segmented image display;1;0.927782;0.00486618;0.715868
